%YAML:1.0
---
size: !!opencv-matrix
   rows: 2
   cols: 1
   dt: d
   data: [ 640., 480. ]
K: !!opencv-matrix
   rows: 3
   cols: 3
   dt: d
   data: [ 7.6159209686575025e+02, 0., 3.2031427422542379e+02, 0.,
       7.6167321445955156e+02, 2.2467546927267685e+02, 0., 0., 1. ]
D: !!opencv-matrix
   rows: 1
   cols: 5
   dt: d
   data: [ 3.4834574886833433e-02, -5.5261651693687693e-02,
       5.7491952688294679e-04, -4.2764224558441841e-05,
       1.8477350270612324e-02 ]
