%YAML:1.0
---
size: !!opencv-matrix
   rows: 2
   cols: 1
   dt: d
   data: [ 1920., 1080. ]
K: !!opencv-matrix
   rows: 3
   cols: 3
   dt: d
   data: [ 1.4627687290309889e+03, 0., 9.4159789510898827e+02, 0.,
       1.4639099975264587e+03, 5.2930658474209713e+02, 0., 0., 1. ]
D: !!opencv-matrix
   rows: 1
   cols: 5
   dt: d
   data: [ 2.3328816578577227e-02, -2.9172794905066444e-02,
       -4.3334503863000891e-03, -7.7563886076728187e-03,
       9.2352346834791835e-02 ]
