%YAML:1.0
---
size: !!opencv-matrix
   rows: 2
   cols: 1
   dt: d
   data: [ 640., 480. ]
K: !!opencv-matrix
   rows: 3
   cols: 3
   dt: d
   data: [ 7.6159209686630095e+02, 0., 3.2031427422663472e+02, 0.,
       7.6167321446011897e+02, 2.2467546926929168e+02, 0., 0., 1. ]
D: !!opencv-matrix
   rows: 1
   cols: 5
   dt: d
   data: [ 3.4834574887311752e-02, -5.5261651681039109e-02,
       5.7491952542265538e-04, -4.2764224081425052e-05,
       1.8477350169719835e-02 ]
