%YAML:1.0
---
size: !!opencv-matrix
   rows: 2
   cols: 1
   dt: d
   data: [ 640., 480. ]
K: !!opencv-matrix
   rows: 3
   cols: 3
   dt: d
   data: [ 7.6327773941975124e+02, 0., 2.8768149948151290e+02, 0.,
       7.6350419442868224e+02, 2.1897333598722111e+02, 0., 0., 1. ]
D: !!opencv-matrix
   rows: 1
   cols: 5
   dt: d
   data: [ 3.5020972472659416e-02, -4.0770660803783422e-02,
       -4.4231087528047929e-04, -1.0552562167878081e-03,
       -9.7749906966057232e-02 ]
