%YAML:1.0
---
size: !!opencv-matrix
   rows: 2
   cols: 1
   dt: d
   data: [ 640., 480. ]
K: !!opencv-matrix
   rows: 3
   cols: 3
   dt: d
   data: [ 7.6327773941996600e+02, 0., 2.8768149947584209e+02, 0.,
       7.6350419442896350e+02, 2.1897333598020646e+02, 0., 0., 1. ]
D: !!opencv-matrix
   rows: 1
   cols: 5
   dt: d
   data: [ 3.5020972488519306e-02, -4.0770661031897054e-02,
       -4.4231087828800028e-04, -1.0552562191290860e-03,
       -9.7749905969331502e-02 ]
