%YAML:1.0
---
size: !!opencv-matrix
   rows: 2
   cols: 1
   dt: d
   data: [ 1920., 1080. ]
K: !!opencv-matrix
   rows: 3
   cols: 3
   dt: d
   data: [ 1.4488504673273719e+03, 0., 1.0020795976972328e+03, 0.,
       1.4460105138055301e+03, 5.2922709160749923e+02, 0., 0., 1. ]
D: !!opencv-matrix
   rows: 1
   cols: 5
   dt: d
   data: [ -3.5771952881362857e-04, 6.0982105027840583e-01,
       -4.2735654148607517e-03, 1.9851144796494396e-02,
       -2.8230210476270283e+00 ]
