%YAML:1.0
---
size: !!opencv-matrix
   rows: 2
   cols: 1
   dt: d
   data: [ 640., 480. ]
K1: !!opencv-matrix
   rows: 3
   cols: 3
   dt: d
   data: [ 7.6159209686575025e+02, 0., 3.2031427422542379e+02, 0.,
       7.6167321445955156e+02, 2.2467546927267685e+02, 0., 0., 1. ]
D1: !!opencv-matrix
   rows: 1
   cols: 5
   dt: d
   data: [ 3.4834574886833433e-02, -5.5261651693687693e-02,
       5.7491952688294679e-04, -4.2764224558441841e-05,
       1.8477350270612324e-02 ]
K2: !!opencv-matrix
   rows: 3
   cols: 3
   dt: d
   data: [ 7.6327773941975124e+02, 0., 2.8768149948151290e+02, 0.,
       7.6350419442868224e+02, 2.1897333598722111e+02, 0., 0., 1. ]
D2: !!opencv-matrix
   rows: 1
   cols: 5
   dt: d
   data: [ 3.5020972472659416e-02, -4.0770660803783422e-02,
       -4.4231087528047929e-04, -1.0552562167878081e-03,
       -9.7749906966057232e-02 ]
R: !!opencv-matrix
   rows: 3
   cols: 3
   dt: d
   data: [ 9.9999370552351197e-01, 7.8563885327944598e-04,
       3.4600122756819470e-03, -7.9503151738122713e-04,
       9.9999600079884321e-01, 2.7140949147539161e-03,
       -3.4578661399803368e-03, -2.7168286497569775e-03,
       9.9999033095517775e-01 ]
T: !!opencv-matrix
   rows: 3
   cols: 1
   dt: d
   data: [ -6.0005833133173930e+01, 1.7047017063196188e-01,
       6.0300223401849251e-01 ]
E: !!opencv-matrix
   rows: 3
   cols: 3
   dt: d
   data: [ -1.1005724980893948e-04, -6.0346296073476258e-01,
       1.6883191705130632e-01, 3.9550629984259589e-01,
       -1.6255182462508419e-01, 6.0007339329215739e+01,
       -1.2276256904388895e-01, -6.0005727085766026e+01,
       -1.6345135544534362e-01 ]
F: !!opencv-matrix
   rows: 3
   cols: 3
   dt: d
   data: [ -6.7250769095563053e-10, -3.6870834230471051e-06,
       1.6143104892960005e-03, 2.4160347371106085e-06,
       -9.9287679995577278e-07, 2.7862421256453807e-01,
       -1.1014218393745087e-03, -2.7856049648642384e-01, 1. ]
R1: !!opencv-matrix
   rows: 3
   cols: 3
   dt: d
   data: [ 9.9997618806974864e-01, -2.0278309637910019e-03,
       -6.5963016211395319e-03, 2.0367881224487220e-03,
       9.9999701250432760e-01, 1.3514719988998074e-03,
       6.5935413579509264e-03, -1.3648750865368671e-03,
       9.9997733090723573e-01 ]
R2: !!opencv-matrix
   rows: 3
   cols: 3
   dt: d
   data: [ 9.9994547731576788e-01, -2.8407384289186820e-03,
       -1.0048512373454254e-02, 2.8270879178263026e-03,
       9.9999506202764643e-01, -1.3724045424672790e-03,
       1.0052361396501777e-02, 1.3439216873646429e-03,
       9.9994857062993614e-01 ]
P1: !!opencv-matrix
   rows: 3
   cols: 4
   dt: d
   data: [ 7.3741438842615798e+02, 0., 3.1126281356811523e+02, 0., 0.,
       7.3741438842615798e+02, 2.2189782714843750e+02, 0., 0., 0., 1.,
       0. ]
P2: !!opencv-matrix
   rows: 3
   cols: 4
   dt: d
   data: [ 7.3741438842615798e+02, 0., 3.1126281356811523e+02,
       -4.4251577456685984e+04, 0., 7.3741438842615798e+02,
       2.2189782714843750e+02, 0., 0., 0., 1., 0. ]
Q: !!opencv-matrix
   rows: 4
   cols: 4
   dt: d
   data: [ 1., 0., 0., -3.1126281356811523e+02, 0., 1., 0.,
       -2.2189782714843750e+02, 0., 0., 0., 7.3741438842615798e+02, 0.,
       0., 1.6664137886337471e-02, 0. ]
