%YAML:1.0
---
size: !!opencv-matrix
   rows: 2
   cols: 1
   dt: d
   data: [ 1920., 1080. ]
K1: !!opencv-matrix
   rows: 3
   cols: 3
   dt: d
   data: [ 1.4631431221075463e+03, 0., 9.4629655753964482e+02, 0.,
       1.4630557791080048e+03, 5.2530129184128930e+02, 0., 0., 1. ]
D1: !!opencv-matrix
   rows: 1
   cols: 5
   dt: d
   data: [ 3.3055274896744626e-02, -1.4057169795664667e-01,
       -4.2079102381219107e-03, -6.8009041018483466e-03,
       5.0099505005713119e-01 ]
K2: !!opencv-matrix
   rows: 3
   cols: 3
   dt: d
   data: [ 1.4470281956468018e+03, 0., 1.0066575774110983e+03, 0.,
       1.4432309948850107e+03, 5.2752870356505537e+02, 0., 0., 1. ]
D2: !!opencv-matrix
   rows: 1
   cols: 5
   dt: d
   data: [ -6.8048386700675090e-03, 6.9346706645455880e-01,
       -4.0805311790399210e-03, 2.1458088840686260e-02,
       -3.4206917189074955e+00 ]
R: !!opencv-matrix
   rows: 3
   cols: 3
   dt: d
   data: [ 9.9999631407705014e-01, 8.9218672794160890e-04,
       -2.5643391265946841e-03, -9.2520499540045922e-04,
       9.9991631547435211e-01, -1.2903722095291842e-02,
       2.5526120014968149e-03, 1.2906047072536257e-02,
       9.9991345531547449e-01 ]
T: !!opencv-matrix
   rows: 3
   cols: 1
   dt: d
   data: [ -6.6341287748459379e+01, 8.9210281640217348e-01,
       -1.0062773201457061e+01 ]
E: !!opencv-matrix
   rows: 3
   cols: 3
   dt: d
   data: [ -7.0329356778526470e-03, 1.0073444623997023e+01,
       7.6217838074581146e-01, -9.8933925435489076e+00,
       8.4722590983766310e-01, 6.6361350625682718e+01,
       -8.3072023735375500e-01, -6.6336531931556038e+01,
       8.5833719470695469e-01 ]
F: !!opencv-matrix
   rows: 3
   cols: 3
   dt: d
   data: [ -4.6648889841947499e-09, 6.6820327042127304e-06,
       -2.7659788435589125e-03, -6.5794721767472492e-06,
       5.6347022084445707e-07, 7.0502675815116850e-02,
       2.6782294092082635e-03, -7.0697504134509911e-02, 1. ]
R1: !!opencv-matrix
   rows: 3
   cols: 3
   dt: d
   data: [ 9.8899513056583044e-01, -1.0475489742660323e-02,
       1.4757674556557776e-01, 1.1423590479496794e-02,
       9.9991918862838236e-01, -5.5783324851059182e-03,
       -1.4750638392162088e-01, 7.2027999700849986e-03,
       9.8903487621769848e-01 ]
R2: !!opencv-matrix
   rows: 3
   cols: 3
   dt: d
   data: [ 9.8860370229023509e-01, -1.3293925654001493e-02,
       1.4995329725866638e-01, 1.2329967738383298e-02,
       9.9989692295456167e-01, 7.3563144012436668e-03,
       -1.5003563481256882e-01, -5.4235603348169025e-03,
       9.8866571361592381e-01 ]
P1: !!opencv-matrix
   rows: 3
   cols: 4
   dt: d
   data: [ 9.2283355120090550e+02, 0., 6.6143807220458984e+02, 0., 0.,
       9.2283355120090550e+02, 5.2272535324096680e+02, 0., 0., 0., 1.,
       0. ]
P2: !!opencv-matrix
   rows: 3
   cols: 4
   dt: d
   data: [ 9.2283355120090550e+02, 0., 6.6143807220458984e+02,
       -6.1927712815886553e+04, 0., 9.2283355120090550e+02,
       5.2272535324096680e+02, 0., 0., 0., 1., 0. ]
Q: !!opencv-matrix
   rows: 4
   cols: 4
   dt: d
   data: [ 1., 0., 0., -6.6143807220458984e+02, 0., 1., 0.,
       -5.2272535324096680e+02, 0., 0., 0., 9.2283355120090550e+02, 0.,
       0., 1.4901786441629530e-02, 0. ]
