%YAML:1.0
---
size: !!opencv-matrix
   rows: 2
   cols: 1
   dt: d
   data: [ 640., 480. ]
K1: !!opencv-matrix
   rows: 3
   cols: 3
   dt: d
   data: [ 7.6159209686630095e+02, 0., 3.2031427422663472e+02, 0.,
       7.6167321446011897e+02, 2.2467546926929168e+02, 0., 0., 1. ]
D1: !!opencv-matrix
   rows: 1
   cols: 5
   dt: d
   data: [ 3.4834574887311752e-02, -5.5261651681039109e-02,
       5.7491952542265538e-04, -4.2764224081425052e-05,
       1.8477350169719835e-02 ]
K2: !!opencv-matrix
   rows: 3
   cols: 3
   dt: d
   data: [ 7.6327773941996600e+02, 0., 2.8768149947584209e+02, 0.,
       7.6350419442896350e+02, 2.1897333598020646e+02, 0., 0., 1. ]
D2: !!opencv-matrix
   rows: 1
   cols: 5
   dt: d
   data: [ 3.5020972488519306e-02, -4.0770661031897054e-02,
       -4.4231087828800028e-04, -1.0552562191290860e-03,
       -9.7749905969331502e-02 ]
R: !!opencv-matrix
   rows: 3
   cols: 3
   dt: d
   data: [ 9.9999370552348132e-01, 7.8563885349088253e-04,
       3.4600122844827175e-03, -7.9503151763269243e-04,
       9.9999600079883044e-01, 2.7140949194007025e-03,
       -3.4578661487767912e-03, -2.7168286544115329e-03,
       9.9999033095513457e-01 ]
T: !!opencv-matrix
   rows: 3
   cols: 1
   dt: d
   data: [ -6.0005833133007300e+01, 1.7047017072595877e-01,
       6.0300223429118249e-01 ]
E: !!opencv-matrix
   rows: 3
   cols: 3
   dt: d
   data: [ -1.1005725126507000e-04, -6.0346296100849250e-01,
       1.6883191714175283e-01, 3.9550629958800332e-01,
       -1.6255182490359024e-01, 6.0007339329052769e+01,
       -1.2276256912292310e-01, -6.0005727085598735e+01,
       -1.6345135572555114e-01 ]
F: !!opencv-matrix
   rows: 3
   cols: 3
   dt: d
   data: [ -6.7250770006224160e-10, -3.6870834258647251e-06,
       1.6143104905850141e-03, 2.4160347363056095e-06,
       -9.9287680196519475e-07, 2.7862421265137499e-01,
       -1.1014218397252958e-03, -2.7856049657141424e-01, 1. ]
R1: !!opencv-matrix
   rows: 3
   cols: 3
   dt: d
   data: [ 9.9997618806977351e-01, -2.0278309651044196e-03,
       -6.5963016169678489e-03, 2.0367881237717692e-03,
       9.9999701250432182e-01, 1.3514720012195917e-03,
       6.5935413537727364e-03, -1.3648750888568602e-03,
       9.9997733090726004e-01 ]
R2: !!opencv-matrix
   rows: 3
   cols: 3
   dt: d
   data: [ 9.9994547731571748e-01, -2.8407384304959191e-03,
       -1.0048512378036393e-02, 2.8270879193739934e-03,
       9.9999506202763910e-01, -1.3724045448014759e-03,
       1.0052361401092610e-02, 1.3439216896701366e-03,
       9.9994857062988685e-01 ]
P1: !!opencv-matrix
   rows: 3
   cols: 4
   dt: d
   data: [ 7.3741440285591625e+02, 0., 3.1126281356811523e+02, 0., 0.,
       7.3741440285591625e+02, 2.2189782714843750e+02, 0., 0., 0., 1.,
       0. ]
P2: !!opencv-matrix
   rows: 3
   cols: 4
   dt: d
   data: [ 7.3741440285591625e+02, 0., 3.1126281356811523e+02,
       -4.4251578322482208e+04, 0., 7.3741440285591625e+02,
       2.2189782714843750e+02, 0., 0., 0., 1., 0. ]
Q: !!opencv-matrix
   rows: 4
   cols: 4
   dt: d
   data: [ 1., 0., 0., -3.1126281356811523e+02, 0., 1., 0.,
       -2.2189782714843750e+02, 0., 0., 0., 7.3741440285591625e+02, 0.,
       0., 1.6664137886382904e-02, 0. ]
